event list; cloned from noisy20220609_0000.txt
  0.986
  1.987
  2.528
  2.886
  3.915
  4.009
  4.035
  4.074
  4.564
  4.790
  5.772
  6.895
  6.961
  6.978
  7.123
  7.382
  7.631
  7.677
  7.724
  7.800
  8.429
  8.641
  8.647
  8.808
  8.923
  8.958
  8.969
  9.269
  9.273
  9.459
  9.476
 10.611
 10.706
 11.076
 11.446
 11.740
 11.799
 12.175
 12.341
 12.673
 12.752
 12.770
 12.899
 13.194
 13.422
 13.765
 13.778
 13.948
 14.074
 14.142
 14.482
 14.995
 15.085
 15.250
 15.663
 15.761
 16.244
 16.261
 16.393
 16.423
 16.444
 16.478
 17.244
 17.657
 17.779
 17.879
 17.914
 17.936
 18.966
 19.464
 20.565
 20.596
 20.663
 20.692
 20.935
 21.221
 21.312
 22.027
 22.108
 22.200
 22.829
 22.852
 22.924
 23.364
 23.958
 24.258
 24.814
 24.860
 25.157
 25.180
 25.739
 26.622
 26.791
 26.902
 27.010
 27.556
 27.872
 27.901
 27.932
 28.740
 28.828
 29.006
 29.016
 29.028
 29.085
 29.149
 29.367
 29.474
 29.560
 29.901
 30.343
 30.421
 30.829
 30.872
 30.938
 33.611
 33.943
 34.572
 34.743
 34.778
 34.821
 35.020
 35.072
 35.130
 35.352
 35.389
 35.810
 35.826
 36.252
 36.448
 36.591
 36.609
 36.678
 36.694
 36.827
 36.870
 37.127
 37.174
 37.380
 37.807
 37.818
 38.548
 38.585
 38.794
 38.933
 38.954
 38.982
 40.197
 40.877
 40.949
 41.042
 41.071
 41.585
 42.302
 42.580
 42.624
 42.698
 43.048
 43.191
 43.887
 43.932
 44.011
 44.572
 45.853
 46.366
 46.477
 46.500
 46.940
 47.027
 47.332
 47.446
 47.519
 47.573
 47.924
 48.380
 48.559
 48.602
 48.880
 49.036
 49.583
 49.723
 49.740
 49.906
 49.940
 49.953
 50.360
 50.395
 50.994
 51.795
 51.949
 52.103
 52.597
 52.886
 53.097
 53.320
 54.276
 54.524
 55.311
 55.480
 55.658
 55.925
 56.278
 56.544
 56.579
 57.300
 57.745
 58.239
 58.328
 58.599
 58.858
 59.664
 59.756
 60.185
 60.536
 60.561
 61.263
 61.820
 61.838
 62.440
 62.450
 62.633
 62.692
 62.829
 63.105
 64.738
 65.032
 65.424
 65.777
 66.043
 66.956
 67.072
 67.623
 67.629
 67.729
 67.754
 67.857
 67.915
 68.207
 68.402
 68.744
 69.351
 69.655
 69.656
 70.446
 70.619
 71.145
 71.435
 72.377
 73.226
 73.295
 73.540
 73.823
 74.032
 74.239
 74.427
 74.478
 74.736
 74.741
 77.318
 77.324
 77.572
 77.612
 77.799
 77.969
 78.069
 78.246
 78.291
 78.354
 78.595
 79.020
 79.106
 79.197
 79.321
 79.421
 79.657
 79.885
 80.111
 80.224
 80.965
 81.602
 81.974
 82.246
 82.330
 82.709
 82.765
 82.970
 83.720
 85.645
 85.840
 85.984
 86.198
 86.234
 86.512
 86.554
 86.770
 86.789
 87.049
 87.662
 87.807
 87.855
 87.965
 88.676
 88.782
 88.885
 89.337
 89.414
 89.580
 89.622
 89.648
 89.888
 89.908
 90.089
 90.315
 90.387
 90.765
 90.970
 91.606
 91.913
 92.119
 92.308
 92.406
 92.605
 92.624
 92.840
 92.956
 93.066
 93.154
 93.338
 93.559
 93.736
 93.947
 94.221
 95.381
 95.543
 95.702
 95.891
 95.911
 96.007
 96.284
 96.340
 96.493
 96.615
 96.754
 96.955
 96.993
 97.107
 97.144
 97.177
 97.349
 98.074
 98.451
 98.518
 98.622
 98.856
 99.254
 99.981
100.027
100.165
100.446
100.690
100.768
100.833
101.668
101.779
102.154
102.362
102.609
103.241
103.510
103.615
104.069
104.892
105.424
105.822
105.995
106.720
107.111
107.332
107.406
107.671
107.847
108.034
108.313
108.401
108.561
108.600
108.641
108.757
108.770
109.482
109.525
109.540
109.674
109.841
109.908
110.003
110.963
110.972
111.027
111.256
111.415
111.752
111.874
112.040
112.526
112.728
112.747
112.888
114.293
114.660
114.692
114.802
115.735
116.215
116.323
116.665
116.917
116.965
117.063
117.190
117.247
117.520
117.945
117.998
118.529
118.539
118.589
118.857
120.199
120.326
120.427
120.474
120.612
120.882
120.970
121.338
121.412
121.573
121.663
121.974
122.523
122.762
123.039
123.146
123.167
123.310
123.314
123.351
123.477
123.532
123.652
123.707
123.709
123.882
123.911
124.018
124.447
125.067
125.126
125.293
125.598
125.786
126.083
126.244
126.931
127.020
127.193
127.262
127.671
128.413
128.445
128.538
128.576
128.865
129.614
131.232
131.323
131.490
131.773
131.884
131.931
132.040
132.105
132.266
132.466
132.502
132.670
134.294
134.373
134.428
134.680
134.788
134.829
134.841
135.365
135.577
135.964
136.264
136.342
136.404
136.703
136.897
136.946
137.120
137.132
137.280
138.911
138.925
139.486
139.611
139.731
140.034
140.138
140.500
140.524
140.981
141.629
141.709
142.009
142.062
142.091
142.792
143.013
143.081
143.188
143.236
143.489
143.568
143.944
144.133
144.371
144.451
144.488
144.632
144.816
145.599
146.508
147.118
147.172
147.380
147.564
148.323
148.447
148.683
148.743
148.811
149.356
149.535
149.694
150.096
150.280
150.912
150.960
151.007
151.142
151.162
151.351
152.336
152.375
152.726
152.800
152.891
152.983
153.383
153.426
153.966
154.147
154.323
154.347
154.588
154.951
154.971
155.203
155.232
155.256
155.962
156.067
156.203
156.260
156.369
156.512
156.746
156.894
157.143
157.180
157.334
157.362
157.729
157.961
158.239
158.249
158.423
158.509
158.630
159.118
159.202
159.225
159.274
159.336
159.764
160.091
160.136
160.372
160.421
160.478
160.707
160.793
160.916
161.521
161.606
161.650
161.684
162.001
162.322
162.674
162.804
163.596
163.697
163.893
163.967
164.522
164.724
164.961
164.986
165.466
165.735
165.858
166.318
166.456
166.683
166.946
167.192
167.226
167.462
168.663
168.974
169.019
169.064
169.346
169.352
169.653
169.953
169.974
170.082
170.770
170.979
171.060
171.084
171.155
171.557
171.991
172.219
172.991
173.412
173.475
173.734
174.407
175.211
175.247
175.864
175.945
176.259
176.625
177.162
177.878
178.375
178.536
178.755
178.786
178.839
178.940
179.544
179.764
180.419
180.581
180.589
181.101
182.117
182.534
182.995
183.525
184.026
184.981
185.690
185.886
186.318
187.105
187.155
187.267
187.350
187.877
187.963
188.604
188.873
190.019
190.051
190.329
190.444
190.986
191.182
191.231
191.684
191.711
191.755
192.035
