event list; originally a clone of: windy022_2023-01-20T11:50:34.txt
  0.121
  0.211
  0.219
  0.530
  0.974
  1.587
  1.788
  1.811
  1.845
  1.917
  1.959
  2.189
  2.247
  2.338
  2.547
  2.593
  3.047
  3.081
  3.083
  3.262
  3.499
  4.157
  5.885
  6.039
  6.089
  6.442
  6.604
  6.766
  6.830
  6.878
  7.336
  7.476
  7.952
  8.869
 10.088
 10.653
 10.699
 10.835
 11.194
 11.275
 11.412
 11.616
 11.672
 12.086
 12.496
 12.583
 12.742
 13.218
 13.327
 13.484
 13.768
 13.800
 13.833
 13.879
 14.139
 14.221
 14.411
 14.700
 15.229
 15.364
 16.085
 16.366
 16.381
 16.806
 16.821
 16.836
 16.931
 17.249
 17.305
 17.356
 17.415
 17.457
 17.565
 17.713
 17.905
 18.040
 18.296
 18.785
 19.305
 20.218
 21.025
 21.714
 21.812
 21.997
 22.129
 23.460
 23.848
 24.003
 24.858
 25.294
 26.226
 26.293
 27.154
 27.246
 27.297
 27.520
 27.708
 28.117
 28.224
 28.250
 28.528
 30.255
 30.348
 30.591
 30.688
 30.800
 30.847
 31.000
 31.557
 32.431
 32.847
 33.043
 33.241
 33.323
 33.574
 33.834
 34.375
 34.484
