event list; originally a clone of: rain025_2023-01-23T17:14:18.txt
  0.069
  0.094
  0.121
  0.135
  0.159
  0.258
  0.397
  0.514
  0.552
  0.664
  0.932
  0.938
  0.997
  1.157
  1.273
  1.296
  1.417
  1.500
  1.514
  1.653
  1.707
  2.038
  2.085
  2.321
  2.560
  2.679
  2.927
  2.990
  3.125
  3.287
  3.523
  3.681
  3.925
  4.077
  4.313
  4.561
  4.671
  4.807
  4.941
  5.029
  5.381
  5.515
  5.543
  5.639
  5.686
  5.941
  6.171
  6.568
  6.620
  6.661
  6.711
  6.748
  6.830
  6.904
  7.039
  7.061
  7.124
  7.336
  7.471
  7.602
  7.649
  7.736
  7.835
  7.837
  7.961
  8.087
  8.173
  8.182
  8.212
  8.248
  8.360
  8.393
  8.434
  8.721
  9.054
  9.099
  9.211
  9.253
  9.442
  9.499
  9.755
  9.773
 10.186
 10.323
 10.484
 10.698
 10.855
 10.898
 11.025
 11.172
 11.361
 11.578
 11.711
 11.816
 11.991
 12.142
 12.321
 12.363
 12.396
 12.481
 12.554
 12.975
 13.135
 13.367
 13.421
 13.534
 13.552
 13.628
 13.946
 14.272
 14.337
 14.489
 14.727
 14.967
 15.144
 15.243
 15.304
 15.378
 15.382
 15.501
 15.525
 15.591
 15.733
 15.928
 15.951
 16.009
 16.120
 16.155
 16.195
 16.249
 16.330
 16.566
 16.639
 16.789
 16.889
 17.039
 17.178
 17.269
 17.319
 17.492
 17.540
 17.754
 17.780
 17.886
 18.038
 18.112
 18.226
 18.313
 18.369
 18.416
 18.712
 18.769
 18.819
 18.931
 18.951
 19.128
 19.410
 19.759
 19.773
 19.787
 19.936
 20.135
 20.241
 20.401
 20.471
 20.515
 20.567
 20.950
 21.003
 21.038
 21.094
 21.278
 21.333
 21.444
 21.546
 21.741
 21.758
 21.781
 21.923
 22.104
 22.216
 22.502
 22.545
 22.657
 22.699
 22.927
 23.020
 23.039
 23.086
 23.100
 23.357
 23.500
 23.682
 23.946
 24.240
 24.253
 24.430
 24.603
 24.626
 24.653
 24.733
 24.761
 24.974
 24.994
 25.044
 25.055
 25.140
 25.365
 25.424
 25.587
 25.595
 25.611
 25.626
 25.664
 25.752
 25.825
 26.355
 26.902
 27.071
 27.123
 27.142
 27.324
 27.587
 27.629
 27.757
 27.857
 28.072
 28.141
 28.149
 28.165
 28.385
 28.442
 28.566
 28.692
 28.720
 28.813
 29.029
 29.080
 29.160
 29.243
 29.257
 29.307
 29.386
 29.430
 29.527
 29.601
 29.812
 29.845
 29.874
 29.986
 30.027
 30.096
 30.189
 30.204
 30.236
 30.309
 30.484
 30.642
 30.822
 30.925
 30.956
 31.128
 31.259
 31.535
 31.620
 31.696
 31.843
 31.911
 31.958
 32.015
 32.098
 32.186
 32.229
 32.401
 32.509
 32.598
 32.627
 32.685
 32.715
 32.784
 32.806
 32.847
 32.866
 32.891
 32.901
 33.015
 33.049
 33.119
 33.129
 33.232
 33.329
 33.390
 33.644
 33.731
 33.834
 33.887
 33.968
 34.082
 34.196
 34.385
 34.508
 34.628
 34.663
 34.818
 35.033
 35.118
 35.233
 35.642
 35.915
 36.143
 36.237
 36.335
 36.339
 36.708
 36.919
 36.931
 37.046
 37.154
 37.172
 37.308
 37.619
 38.171
 38.335
 38.426
 38.547
 38.664
 38.918
 39.107
 39.257
 39.290
 39.336
 39.370
 39.398
 39.430
 39.519
 39.581
 39.702
 39.756
 39.832
 40.010
 40.212
 40.622
 40.885
 41.149
 41.232
 41.413
 41.449
 41.762
 41.920
 42.024
 42.089
 42.228
 42.388
 42.444
 42.596
 42.650
 42.853
 42.872
 42.965
 43.023
 43.035
 43.167
 43.405
 43.420
 43.437
 43.502
 43.993
 44.065
 44.311
 44.427
 44.546
 44.592
 44.746
 44.803
 45.009
 45.022
 45.056
 45.093
 45.126
 45.143
 45.165
 45.391
 45.580
 45.620
 46.139
 46.319
 46.429
 46.482
 46.551
 46.558
 46.767
 46.855
 47.098
 47.099
 47.162
 47.302
 47.408
 47.461
 47.554
 47.594
 47.668
 47.783
 47.800
 47.911
 48.037
 48.318
 48.464
 48.672
 48.797
 49.161
 49.284
 49.292
 49.449
 49.486
 49.497
 49.545
 49.581
 49.602
 49.710
 49.896
 50.073
 50.192
 50.277
 50.300
 50.372
 50.480
 50.608
 50.710
 50.733
 50.812
 50.939
 50.952
 51.018
 51.065
 51.073
 51.176
 51.223
 51.346
 51.507
 51.676
 51.873
 51.997
 52.018
 52.236
 52.360
 52.709
 52.845
 52.924
 53.510
 53.724
 53.746
 53.853
 54.111
 54.181
 54.269
 54.359
 54.393
 54.415
 54.429
 54.496
 54.967
 55.477
 55.598
 55.680
 55.907
 55.975
 56.048
 56.471
 56.550
 56.578
 56.633
 56.734
 56.736
 56.918
 56.948
 57.141
 57.416
 57.455
 57.457
 57.563
 57.775
 57.777
 57.861
 57.948
 57.973
 58.160
 58.265
 58.339
 58.341
 58.381
 58.495
 58.524
 58.726
 58.773
 58.836
 58.922
 59.017
 59.053
 59.105
 59.106
 59.248
 59.598
 59.659
 59.717
 59.977
 60.031
 60.134
 60.169
 60.259
 60.297
 60.640
 60.936
 61.092
 61.254
 61.401
 61.593
 61.702
 61.879
 62.538
 62.593
 62.725
 62.833
 63.043
 63.167
 63.399
 63.402
 63.676
 63.850
 64.035
 64.172
 64.360
 64.641
 64.775
 64.878
 64.920
 64.921
 64.947
 65.107
 65.460
 65.601
 65.837
 66.141
 66.691
 66.778
 67.269
 67.755
 67.782
 67.819
 67.840
 68.192
 68.417
 68.591
 68.708
 68.832
 68.902
 69.075
 69.200
 69.388
 69.502
 69.529
 69.895
 70.099
 70.214
 70.661
 70.759
 70.921
 70.954
 70.983
 71.058
 71.092
 71.380
 71.446
 71.943
 72.028
 72.168
 72.261
 72.300
 72.583
 72.781
 72.811
 72.898
 72.982
 73.066
 73.191
 73.348
 73.368
 73.417
 73.964
 74.119
 74.180
 74.332
 74.603
 74.648
 74.680
 74.697
 74.820
 74.884
 74.904
 75.022
 75.049
 75.068
 75.313
 75.333
 75.656
 75.751
 75.968
 76.244
 76.481
 76.634
 76.777
 76.798
 77.174
 77.274
 77.891
 77.916
 78.132
 78.168
 78.495
 78.525
 78.590
 78.658
 78.809
 78.846
 78.856
 79.630
 79.877
 79.912
 80.142
 80.284
 80.345
 80.586
 80.658
 80.751
 80.828
 81.426
 81.484
 81.598
 81.685
 81.850
 81.903
 82.334
 82.403
 82.492
 82.542
 82.552
 82.708
 82.896
 83.027
 83.475
 84.105
 84.245
 84.556
 84.898
 85.250
 85.367
 85.757
 85.897
 86.337
 86.595
 86.693
 86.732
 86.734
 87.349
 87.564
 87.735
 88.069
 88.236
 88.509
 89.149
 89.358
 89.510
 89.640
 89.730
 89.865
 90.254
 91.411
 91.454
 91.488
 91.865
 92.180
 92.264
 92.470
 92.735
 92.885
 92.973
 93.079
 93.128
 93.441
 93.801
 94.039
 94.225
 94.277
 94.329
 94.940
 95.459
 95.560
 96.139
 96.585
 96.662
 96.786
 96.881
 96.914
 96.963
 97.086
 97.602
 98.254
 98.297
 98.350
 98.926
 99.285
 99.324
 99.416
100.521
100.709
100.849
101.330
101.457
101.501
101.525
102.072
102.143
103.024
103.050
103.738
104.093
104.267
104.286
104.300
104.890
105.450
105.828
106.347
106.918
106.934
