event list; cloned from rain029_2023-01-30T10:26:12.txt
  0.581
  1.749
  1.799
  1.970
  3.275
  3.985
  6.091
  6.395
  7.827
  9.114
  9.280
  9.566
  9.939
 10.990
 11.084
 11.486
 12.258
 13.080
 13.130
 13.425
 13.552
 13.696
 13.718
 13.821
 14.131
 14.619
 14.819
 15.972
 16.327
 16.404
 16.576
 16.735
 17.184
 17.347
 17.861
 18.254
 18.272
 18.292
 19.125
 19.178
 19.662
 19.701
 19.856
 19.934
 20.226
 20.251
 20.929
 21.073
 21.258
 21.674
 22.129
 22.977
 23.145
 23.397
 23.545
 24.219
 24.243
 25.160
 25.690
 26.312
 26.554
 27.416
 27.750
 28.308
 28.996
 29.695
 30.530
 31.566
 32.023
 32.372
 32.373
 33.216
 34.615
 35.401
 35.956
 36.043
 36.542
 36.990
 37.025
 37.150
 37.472
 38.314
 38.411
 39.193
 39.309
 39.404
 40.036
 40.166
 40.761
 40.786
 42.139
 42.355
 43.326
 43.747
 43.961
 43.997
 44.460
 44.768
 46.037
 46.274
 47.057
 47.150
 47.180
 47.270
 47.541
 48.105
 48.445
 49.558
 49.842
 50.345
